2520.0000000000000000 1260.0000000000000000 840.0000000000000000 630.0000000000000000 504.0000000000000000 5754.0000000000000000 
1260.0000000000000000 840.0000000000000000 630.0000000000000000 504.0000000000000000 420.0000000000000000 3654.0000000000000000 
840.0000000000000000 630.0000000000000000 504.0000000000000000 420.0000000000000000 360.0000000000000000 2754.0000000000000000 
630.0000000000000000 504.0000000000000000 420.0000000000000000 360.0000000000000000 315.0000000000000000 2229.0000000000000000 
504.0000000000000000 420.0000000000000000 360.0000000000000000 315.0000000000000000 280.0000000000000000 1879.0000000000000000 

2520.0000000000000000 1260.0000000000000000 840.0000000000000000 630.0000000000000000 504.0000000000000000 5754.0000000000000000 
1260.0000000000000000 840.0000000000000000 630.0000000000000000 504.0000000000000000 420.0000000000000000 3654.0000000000000000 
840.0000000000000000 630.0000000000000000 504.0000000000000000 420.0000000000000000 360.0000000000000000 2754.0000000000000000 
630.0000000000000000 504.0000000000000000 420.0000000000000000 360.0000000000000000 315.0000000000000000 2229.0000000000000000 
504.0000000000000000 420.0000000000000000 360.0000000000000000 315.0000000000000000 280.0000000000000000 1879.0000000000000000 

2520.0000000000000000 1260.0000000000000000 840.0000000000000000 630.0000000000000000 504.0000000000000000 5754.0000000000000000 
0.0000000000000000 210.0000000000000000 210.0000000000000000 189.0000000000000000 168.0000000000000000 777.0000000000000000 
0.0000000000000000 210.0000000000000000 224.0000000000000000 210.0000000000000000 192.0000000000000000 836.0000000000000000 
0.0000000000000000 189.0000000000000000 210.0000000000000000 202.5000000000000000 189.0000000000000000 790.5000000000000000 
0.0000000000000000 168.0000000000000000 192.0000000000000000 189.0000000000000000 179.1999999999999886 728.2000000000000455 

2520.0000000000000000 1260.0000000000000000 840.0000000000000000 630.0000000000000000 504.0000000000000000 5754.0000000000000000 
0.0000000000000000 210.0000000000000000 210.0000000000000000 189.0000000000000000 168.0000000000000000 777.0000000000000000 
0.0000000000000000 0.0000000000000000 14.0000000000000000 21.0000000000000000 24.0000000000000000 59.0000000000000000 
0.0000000000000000 0.0000000000000000 21.0000000000000000 32.4000000000000057 37.7999999999999829 91.1999999999999318 
0.0000000000000000 0.0000000000000000 24.0000000000000000 37.7999999999999829 44.7999999999999829 106.6000000000000227 

2520.0000000000000000 1260.0000000000000000 840.0000000000000000 630.0000000000000000 504.0000000000000000 5754.0000000000000000 
0.0000000000000000 210.0000000000000000 210.0000000000000000 189.0000000000000000 168.0000000000000000 777.0000000000000000 
0.0000000000000000 0.0000000000000000 24.0000000000000000 37.7999999999999829 44.7999999999999829 106.6000000000000227 
0.0000000000000000 0.0000000000000000 0.0000000000000000 -0.6749999999999829 -1.4000000000000057 -2.0750000000000881 
0.0000000000000000 0.0000000000000000 0.0000000000000000 -1.0499999999999901 -2.1333333333333258 -3.1833333333333513 

2520.0000000000000000 1260.0000000000000000 840.0000000000000000 630.0000000000000000 504.0000000000000000 5754.0000000000000000 
0.0000000000000000 210.0000000000000000 210.0000000000000000 189.0000000000000000 168.0000000000000000 777.0000000000000000 
0.0000000000000000 0.0000000000000000 24.0000000000000000 37.7999999999999829 44.7999999999999829 106.6000000000000227 
0.0000000000000000 0.0000000000000000 0.0000000000000000 -1.0499999999999901 -2.1333333333333258 -3.1833333333333513 
0.0000000000000000 0.0000000000000000 0.0000000000000000 0.0000000000000000 -0.0285714285714609 -0.0285714285715373 

2520.0000000000000000 1260.0000000000000000 840.0000000000000000 630.0000000000000000 504.0000000000000000 5754.0000000000000000 
0.0000000000000000 210.0000000000000000 210.0000000000000000 189.0000000000000000 168.0000000000000000 777.0000000000000000 
0.0000000000000000 0.0000000000000000 24.0000000000000000 37.7999999999999829 44.7999999999999829 106.6000000000000227 
0.0000000000000000 0.0000000000000000 0.0000000000000000 -1.0499999999999901 -2.1333333333333258 -3.1833333333333513 
0.0000000000000000 0.0000000000000000 0.0000000000000000 0.0000000000000000 -0.0285714285714609 -0.0285714285715373 

1.0000000000000404
0.9999999999992064
1.0000000000035136
0.9999999999946020
1.0000000000026734

